READ ONLY:

	Pulse Width	| Bandwidth (Gbps)
				|
		1		|		143.55
		2		|		95.96
		3		|		64.09
		4		|		48.10
		5		|		38.52
		6		|		32.11
		7		|		27.52
		8		|		24.09
		9		|		21.41
		10		|		19.27

pulse_width = [1, 2, 3, 4, 5, 6, 7, 8, 9, 10]
mem_bw = [143.55, 95.96, 64.09, 48.10, 38.52, 32.11, 27.52, 24.09, 21.41, 19.27]

WRITE ONLY:

	Pulse Width	| Bandwidth (Gbps)
				|
		1		|		123.49
		2		|		95.48
		3		|		63.78
		4		|		47.88
		5		|		38.32
		6		|		31.94
		7		|		27.39
		8		|		23.96
		9		|		21.31
		10		|		19.18

pulse_width = [1, 2, 3, 4, 5, 6, 7, 8, 9, 10]
mem_bw = [123.49, 95.48, 63.78, 47.88, 38.32, 31.94, 27.39, 23.96, 21.31, 19.18]

READ/WRITE:

	Pulse Width	| Bandwidth (Gbps)
				|
		1		|		135.83
		2		|		135.16
		3		|		127.47
		4		|		95.73
		5		|		76.64
		6		|		63.88
		7		|		54.78
		8		|		47.93
		9		|		42.61
		10		|		38.36
		12		|		31.97
		14		|		27.41
		16		|		23.98
		18		|		21.32
		20		|		19.19

pulse_width = [1, 2, 3, 4, 5, 6, 7, 8, 9, 10]
mem_bw = [135.83, 135.16, 127.47, 95.73, 76.64, 63.88, 54.78, 47.93, 42.61, 38.36]